[ 25, 0 ]
[ 25.0423, 1.38556 ]
[ 25.0694, 2.74248 ]
[ 25.0816, 4.07112 ]
[ 25.0792, 5.37184 ]
[ 25.0624, 6.645 ]
[ 25.0317, 7.89096 ]
[ 24.9872, 9.11008 ]
[ 24.9293, 10.3027 ]
[ 24.8583, 11.4692 ]
[ 24.7745, 12.61 ]
[ 24.6781, 13.7254 ]
[ 24.5695, 14.8157 ]
[ 24.449, 15.8813 ]
[ 24.3168, 16.9226 ]
[ 24.1733, 17.94 ]
[ 24.0188, 18.9338 ]
[ 23.8534, 19.9043 ]
[ 23.6777, 20.8519 ]
[ 23.4918, 21.777 ]
[ 23.296, 22.68 ]
[ 23.0907, 23.5612 ]
[ 22.8761, 24.4209 ]
[ 22.6525, 25.2595 ]
[ 22.4203, 26.0774 ]
[ 22.1797, 26.875 ]
[ 21.931, 27.6526 ]
[ 21.6746, 28.4105 ]
[ 21.4106, 29.1491 ]
[ 21.1395, 29.8688 ]
[ 20.8615, 30.57 ]
[ 20.5769, 31.253 ]
[ 20.286, 31.9181 ]
[ 19.9891, 32.5657 ]
[ 19.6865, 33.1962 ]
[ 19.3786, 33.81 ]
[ 19.0655, 34.4074 ]
[ 18.7476, 34.9887 ]
[ 18.4252, 35.5543 ]
[ 18.0985, 36.1046 ]
[ 17.768, 36.64 ]
[ 17.4338, 37.1608 ]
[ 17.0964, 37.6673 ]
[ 16.7558, 38.1599 ]
[ 16.4126, 38.639 ]
[ 16.0669, 39.105 ]
[ 15.7191, 39.5582 ]
[ 15.3695, 39.9989 ]
[ 15.0183, 40.4275 ]
[ 14.6659, 40.8444 ]
[ 14.3125, 41.25 ]
[ 13.9585, 41.6446 ]
[ 13.6041, 42.0285 ]
[ 13.2497, 42.4021 ]
[ 12.8955, 42.7658 ]
[ 12.5418, 43.12 ]
[ 12.189, 43.465 ]
[ 11.8373, 43.8011 ]
[ 11.487, 44.1287 ]
[ 11.1385, 44.4482 ]
[ 10.792, 44.76 ]
[ 10.4478, 45.0644 ]
[ 10.1062, 45.3617 ]
[ 9.76758, 45.6523 ]
[ 9.43213, 45.9366 ]
[ 9.10019, 46.215 ]
[ 8.77205, 46.4878 ]
[ 8.44802, 46.7553 ]
[ 8.12838, 47.0179 ]
[ 7.81345, 47.276 ]
[ 7.5035, 47.53 ]
[ 7.19884, 47.7802 ]
[ 6.89978, 48.0269 ]
[ 6.60659, 48.2705 ]
[ 6.31959, 48.5114 ]
[ 6.03906, 48.75 ]
[ 5.76531, 48.9866 ]
[ 5.49863, 49.2215 ]
[ 5.23932, 49.4551 ]
[ 4.98768, 49.6878 ]
[ 4.744, 49.92 ]
[ 4.50858, 50.152 ]
[ 4.28172, 50.3841 ]
[ 4.06371, 50.6167 ]
[ 3.85485, 50.8502 ]
[ 3.65544, 51.085 ]
[ 3.46577, 51.3214 ]
[ 3.28615, 51.5597 ]
[ 3.11686, 51.8003 ]
[ 2.95822, 52.0436 ]
[ 2.8105, 52.29 ]
[ 2.67401, 52.5398 ]
[ 2.54906, 52.7933 ]
[ 2.43592, 53.0509 ]
[ 2.33491, 53.313 ]
[ 2.24631, 53.58 ]
[ 2.17043, 53.8522 ]
[ 2.10756, 54.1299 ]
[ 2.058, 54.4135 ]
[ 2.02205, 54.7034 ]
[ 2, 55 ]
[ 2, 75 ]
[ 1.98696, 75.6234 ]
[ 1.98764, 76.2338 ]
[ 2.00178, 76.8314 ]
[ 2.02912, 77.4162 ]
[ 2.06937, 77.9885 ]
[ 2.12228, 78.5484 ]
[ 2.18756, 79.0962 ]
[ 2.26496, 79.6319 ]
[ 2.35419, 80.1558 ]
[ 2.455, 80.668 ]
[ 2.5671, 81.1687 ]
[ 2.69024, 81.658 ]
[ 2.82413, 82.1361 ]
[ 2.96852, 82.6032 ]
[ 3.12312, 83.0595 ]
[ 3.28768, 83.5051 ]
[ 3.46191, 83.9402 ]
[ 3.64556, 84.3649 ]
[ 3.83834, 84.7795 ]
[ 4.04, 85.184 ]
[ 4.25025, 85.5787 ]
[ 4.46884, 85.9637 ]
[ 4.69548, 86.3393 ]
[ 4.92992, 86.7055 ]
[ 5.17187, 87.0625 ]
[ 5.42108, 87.4105 ]
[ 5.67726, 87.7497 ]
[ 5.94016, 88.0803 ]
[ 6.20949, 88.4023 ]
[ 6.485, 88.716 ]
[ 6.7664, 89.0215 ]
[ 7.05344, 89.3191 ]
[ 7.34583, 89.6088 ]
[ 7.64332, 89.8909 ]
[ 7.94562, 90.1655 ]
[ 8.25248, 90.4328 ]
[ 8.56361, 90.6929 ]
[ 8.87876, 90.946 ]
[ 9.19764, 91.1923 ]
[ 9.52, 91.432 ]
[ 9.84555, 91.6652 ]
[ 10.174, 91.8921 ]
[ 10.5052, 92.1128 ]
[ 10.8387, 92.3276 ]
[ 11.1744, 92.5365 ]
[ 11.5119, 92.7398 ]
[ 11.851, 92.9376 ]
[ 12.1914, 93.1302 ]
[ 12.5328, 93.3176 ]
[ 12.875, 93.5 ]
[ 13.2177, 93.6776 ]
[ 13.5606, 93.8506 ]
[ 13.9035, 94.0192 ]
[ 14.2461, 94.1834 ]
[ 14.5881, 94.3435 ]
[ 14.9293, 94.4996 ]
[ 15.2693, 94.652 ]
[ 15.608, 94.8007 ]
[ 15.9449, 94.946 ]
[ 16.28, 95.088 ]
[ 16.6129, 95.2269 ]
[ 16.9432, 95.3628 ]
[ 17.2709, 95.4959 ]
[ 17.5955, 95.6264 ]
[ 17.9169, 95.7545 ]
[ 18.2347, 95.8803 ]
[ 18.5487, 96.004 ]
[ 18.8586, 96.1257 ]
[ 19.1641, 96.2457 ]
[ 19.465, 96.364 ]
[ 19.761, 96.4809 ]
[ 20.0518, 96.5965 ]
[ 20.3372, 96.7111 ]
[ 20.6169, 96.8247 ]
[ 20.8906, 96.9375 ]
[ 21.1581, 97.0497 ]
[ 21.419, 97.1615 ]
[ 21.6732, 97.2731 ]
[ 21.9202, 97.3845 ]
[ 22.16, 97.496 ]
[ 22.3922, 97.6077 ]
[ 22.6164, 97.7199 ]
[ 22.8326, 97.8326 ]
[ 23.0403, 97.9461 ]
[ 23.2394, 98.0605 ]
[ 23.4295, 98.176 ]
[ 23.6104, 98.2927 ]
[ 23.7818, 98.4108 ]
[ 23.9434, 98.5305 ]
[ 24.095, 98.652 ]
[ 24.2363, 98.7754 ]
[ 24.367, 98.9009 ]
[ 24.4869, 99.0286 ]
[ 24.5957, 99.1588 ]
[ 24.6931, 99.2915 ]
[ 24.7789, 99.427 ]
[ 24.8527, 99.5654 ]
[ 24.9144, 99.707 ]
[ 24.9635, 99.8518 ]
[ 25, 100 ]
[ 25, 100 ]
[ 25.0423, 101.386 ]
[ 25.0694, 102.742 ]
[ 25.0816, 104.071 ]
[ 25.0792, 105.372 ]
[ 25.0624, 106.645 ]
[ 25.0317, 107.891 ]
[ 24.9872, 109.11 ]
[ 24.9293, 110.303 ]
[ 24.8583, 111.469 ]
[ 24.7745, 112.61 ]
[ 24.6781, 113.725 ]
[ 24.5695, 114.816 ]
[ 24.449, 115.881 ]
[ 24.3168, 116.923 ]
[ 24.1733, 117.94 ]
[ 24.0188, 118.934 ]
[ 23.8534, 119.904 ]
[ 23.6777, 120.852 ]
[ 23.4918, 121.777 ]
[ 23.296, 122.68 ]
[ 23.0907, 123.561 ]
[ 22.8761, 124.421 ]
[ 22.6525, 125.26 ]
[ 22.4203, 126.077 ]
[ 22.1797, 126.875 ]
[ 21.931, 127.653 ]
[ 21.6746, 128.41 ]
[ 21.4106, 129.149 ]
[ 21.1395, 129.869 ]
[ 20.8615, 130.57 ]
[ 20.5769, 131.253 ]
[ 20.286, 131.918 ]
[ 19.9891, 132.566 ]
[ 19.6865, 133.196 ]
[ 19.3786, 133.81 ]
[ 19.0655, 134.407 ]
[ 18.7476, 134.989 ]
[ 18.4252, 135.554 ]
[ 18.0985, 136.105 ]
[ 17.768, 136.64 ]
[ 17.4338, 137.161 ]
[ 17.0964, 137.667 ]
[ 16.7558, 138.16 ]
[ 16.4126, 138.639 ]
[ 16.0669, 139.105 ]
[ 15.7191, 139.558 ]
[ 15.3695, 139.999 ]
[ 15.0183, 140.428 ]
[ 14.6659, 140.844 ]
[ 14.3125, 141.25 ]
[ 13.9585, 141.645 ]
[ 13.6041, 142.028 ]
[ 13.2497, 142.402 ]
[ 12.8955, 142.766 ]
[ 12.5418, 143.12 ]
[ 12.189, 143.465 ]
[ 11.8373, 143.801 ]
[ 11.487, 144.129 ]
[ 11.1385, 144.448 ]
[ 10.792, 144.76 ]
[ 10.4478, 145.064 ]
[ 10.1062, 145.362 ]
[ 9.76758, 145.652 ]
[ 9.43213, 145.937 ]
[ 9.10019, 146.215 ]
[ 8.77205, 146.488 ]
[ 8.44802, 146.755 ]
[ 8.12838, 147.018 ]
[ 7.81345, 147.276 ]
[ 7.5035, 147.53 ]
[ 7.19884, 147.78 ]
[ 6.89978, 148.027 ]
[ 6.60659, 148.271 ]
[ 6.31959, 148.511 ]
[ 6.03906, 148.75 ]
[ 5.76531, 148.987 ]
[ 5.49863, 149.221 ]
[ 5.23932, 149.455 ]
[ 4.98768, 149.688 ]
[ 4.744, 149.92 ]
[ 4.50858, 150.152 ]
[ 4.28172, 150.384 ]
[ 4.06371, 150.617 ]
[ 3.85485, 150.85 ]
[ 3.65544, 151.085 ]
[ 3.46577, 151.321 ]
[ 3.28615, 151.56 ]
[ 3.11686, 151.8 ]
[ 2.95822, 152.044 ]
[ 2.8105, 152.29 ]
[ 2.67401, 152.54 ]
[ 2.54906, 152.793 ]
[ 2.43592, 153.051 ]
[ 2.33491, 153.313 ]
[ 2.24631, 153.58 ]
[ 2.17043, 153.852 ]
[ 2.10756, 154.13 ]
[ 2.058, 154.414 ]
[ 2.02205, 154.703 ]
[ 2, 155 ]
[ 2, 175 ]
[ 1.98696, 175.623 ]
[ 1.98764, 176.234 ]
[ 2.00178, 176.831 ]
[ 2.02912, 177.416 ]
[ 2.06937, 177.989 ]
[ 2.12228, 178.548 ]
[ 2.18756, 179.096 ]
[ 2.26496, 179.632 ]
[ 2.35419, 180.156 ]
[ 2.455, 180.668 ]
[ 2.5671, 181.169 ]
[ 2.69024, 181.658 ]
[ 2.82413, 182.136 ]
[ 2.96852, 182.603 ]
[ 3.12312, 183.06 ]
[ 3.28768, 183.505 ]
[ 3.46191, 183.94 ]
[ 3.64556, 184.365 ]
[ 3.83834, 184.779 ]
[ 4.04, 185.184 ]
[ 4.25025, 185.579 ]
[ 4.46884, 185.964 ]
[ 4.69548, 186.339 ]
[ 4.92992, 186.705 ]
[ 5.17187, 187.063 ]
[ 5.42108, 187.411 ]
[ 5.67726, 187.75 ]
[ 5.94016, 188.08 ]
[ 6.20949, 188.402 ]
[ 6.485, 188.716 ]
[ 6.7664, 189.022 ]
[ 7.05344, 189.319 ]
[ 7.34583, 189.609 ]
[ 7.64332, 189.891 ]
[ 7.94562, 190.166 ]
[ 8.25248, 190.433 ]
[ 8.56361, 190.693 ]
[ 8.87876, 190.946 ]
[ 9.19764, 191.192 ]
[ 9.52, 191.432 ]
[ 9.84555, 191.665 ]
[ 10.174, 191.892 ]
[ 10.5052, 192.113 ]
[ 10.8387, 192.328 ]
[ 11.1744, 192.537 ]
[ 11.5119, 192.74 ]
[ 11.851, 192.938 ]
[ 12.1914, 193.13 ]
[ 12.5328, 193.318 ]
[ 12.875, 193.5 ]
[ 13.2177, 193.678 ]
[ 13.5606, 193.851 ]
[ 13.9035, 194.019 ]
[ 14.2461, 194.183 ]
[ 14.5881, 194.344 ]
[ 14.9293, 194.5 ]
[ 15.2693, 194.652 ]
[ 15.608, 194.801 ]
[ 15.9449, 194.946 ]
[ 16.28, 195.088 ]
[ 16.6129, 195.227 ]
[ 16.9432, 195.363 ]
[ 17.2709, 195.496 ]
[ 17.5955, 195.626 ]
[ 17.9169, 195.755 ]
[ 18.2347, 195.88 ]
[ 18.5487, 196.004 ]
[ 18.8586, 196.126 ]
[ 19.1641, 196.246 ]
[ 19.465, 196.364 ]
[ 19.761, 196.481 ]
[ 20.0518, 196.597 ]
[ 20.3372, 196.711 ]
[ 20.6169, 196.825 ]
[ 20.8906, 196.938 ]
[ 21.1581, 197.05 ]
[ 21.419, 197.162 ]
[ 21.6732, 197.273 ]
[ 21.9202, 197.384 ]
[ 22.16, 197.496 ]
[ 22.3922, 197.608 ]
[ 22.6164, 197.72 ]
[ 22.8326, 197.833 ]
[ 23.0403, 197.946 ]
[ 23.2394, 198.061 ]
[ 23.4295, 198.176 ]
[ 23.6104, 198.293 ]
[ 23.7818, 198.411 ]
[ 23.9434, 198.531 ]
[ 24.095, 198.652 ]
[ 24.2363, 198.775 ]
[ 24.367, 198.901 ]
[ 24.4869, 199.029 ]
[ 24.5957, 199.159 ]
[ 24.6931, 199.292 ]
[ 24.7789, 199.427 ]
[ 24.8527, 199.565 ]
[ 24.9144, 199.707 ]
[ 24.9635, 199.852 ]
[ 25, 200 ]
